
[1 1000]

[2 1000]

[1 2000]

[2 2000]

[1 4000]

[2 4000]

[1 6000]

[2 6000]

[1 8000]

[2 8000]

[1 10000]

[2 10000]

=== END ===

[1 1000]
0.001128
0.001181
0.001128
0.001135
0.001179

[2 1000]
0.000651
0.000652
0.000662
0.000652
0.000660

[1 2000]
0.004792
0.004907
0.004803
0.004945
0.004908

[2 2000]
0.002532
0.002485
0.002468
0.002524
0.002505

[1 4000]
0.019727
0.019884
0.019603
0.019725
0.019310

[2 4000]
0.009905
0.010102
0.010161
0.009881
0.009896

[1 6000]
0.047514
0.048440
0.047095
0.047296
0.047594

[2 6000]
0.022017
0.021983
0.022057
0.022057
0.022087

[1 8000]
0.088492
0.085003
0.085308
0.085374
0.084925

[2 8000]
0.039013
0.040546
0.038970
0.038900
0.038979

[1 10000]
0.140286
0.132789
0.132622
0.133007
0.133090

[2 10000]
0.060800
0.060935
0.062903
0.061002
0.060899

=== END ===

[1 1000]
0.001128
0.001128
0.001128
0.001127
0.001155

[2 1000]
0.000743
0.000687
0.000653
0.000698
0.000715

[1 2000]
0.004782
0.004816
0.004877
0.005515
0.004811

[2 2000]
0.002493
0.002488
0.002515
0.002491
0.002560

[1 4000]
0.019340
0.019330
0.019380
0.019441
0.019433

[2 4000]
0.009887
0.009822
0.010229
0.010223
0.009956

[1 6000]
0.047664
0.047527
0.047405
0.047544
0.047205

[2 6000]
0.022019
0.022250
0.022189
0.022053
0.022096

[1 8000]
0.084715
0.084898
0.084664
0.084798
0.084681

[2 8000]
0.039235
0.039186
0.039186
0.039200
0.039310

[1 10000]
0.132026
0.132598
0.132608
0.132292
0.132375

[2 10000]
0.061672
0.061092
0.061448
0.061123
0.061204

=== END ===
